89166
44022
43967
52245
47729
47991
411
274
201
198
3166
43839
400
227
175
256
173
42649
423
218
195
279
181
42716
393
237
189
179
229
42730
368
235
212
164
196
42808
417
227
287
197
175
42642
365
250
196
237
217
42899
353
246
235
224
181
42696
383
281
289
190
183
42547
365
261
205
211
190
42750
411
256
182
197
181
42746
406
240
235
214
189
42692
413
211
240
211
183
42727
508
246
198
262
187
42852
365
246
228
233
202
42414
378
240
192
173
184
42900
364
248
183
200
183
42746
398
247
182
175
217
42751
2291
267
176
251
240
40747
458
522
356
256
192
42196
404
235
173
408
1090
41661
407
253
171
571
210
42388
444
264
175
291
187
43119
368
260
179
191
184
42270
454
263
172
312
182
42638
414
251
268
313
185
42497
387
239
173
195
206
42805
420
242
173
266
182
42707
814
283
181
205
203
42307
397
270
174
269
256
42644
391
283
178
236
234
42610
396
241
212
195
273
42674
363
230
179
179
200
42825
367
231
177
199
214
42794
367
220
175
204
249
42811
539
249
175
351
188
42616
390
241
172
314
185
42510
420
421
302
227
235
42387
437
1711
208
241
203
41178
407
311
172
296
193
42590
421
244
180
310
196
42756
412
292
170
342
257
42412
411
256
171
244
204
42664
415
241
173
187
235
42812
415
281
172
240
277
42572
479
270
183
206
184
42638
438
259
176
245
190
42675
436
940
190
245
330
41815
408
274
174
402
243
42423
336
250
180
175
175
42838
371
273
167
177
264
42716
326
234
181
178
323
42875
437
251
175
227
200
42711
418
254
210
279
193
42569
405
238
170
239
227
42717
419
242
169
242
194
42578
362
250
176
243
249
42760
352
235
177
178
173
42865
356
238
169
173
178
42916
412
250
178
179
207
42717
356
241
170
238
240
42760
435
258
177
278
191
42605
407
309
176
184
207
42680
400
240
171
180
195
42830
363
239
172
180
247
42746
308
232
166
173
173
43069
417
295
184
274
185
42650
417
255
179
263
187
42824
389
273
183
373
335
42196
447
236
175
372
191
42583
444
340
364
264
232
42308
433
270
178
185
227
42700
414
255
180
179
201
42819
384
278
172
228
289
42459
318
235
170
184
174
42947
377
247
173
177
195
42816
377
292
171
177
281
42645
318
243
260
182
229
42794
377
325
347
247
182
42483
569
359
419
269
196
42164
529
258
177
179
228
42658
403
253
178
177
250
42783
347
232
168
186
241
42688
324
235
167
253
270
42737
328
245
227
201
240
42846
317
172
277
176
198
42960
305
166
226
177
220
42777
425
168
238
203
221
42633
309
169
239
166
245
42981
351
169
245
168
207
42777
337
174
246
169
188
42800
274
165
243
166
163
43051
300
166
238
167
162
42987
348
179
255
165
203
42764
304
169
241
177
163
42885
255
167
231
172
161
43117
431
224
251
222
169
42711
363
181
390
239
226
42592
364
176
249
170
201
42794
375
179
252
170
201
42850
337
172
279
197
214
42719
355
179
238
209
200
42822
341
220
267
178
235
42742
361
251
177
165
213
42794
313
179
165
169
164
43020
330
175
166
172
166
42950
336
184
275
169
221
42789
339
210
194
166
200
42870
340
171
164
165
167
42945
314
174
172
166
195
43008
308
171
171
168
162
42978
320
214
176
202
193
42959
379
175
169
196
252
42793
393
180
168
166
227
42842
370
182
165
167
203
42973
319
173
173
165
197
42874
352
179
175
168
204
42882
329
180
175
167
169
42977
416
240
175
171
257
42712
335
184
166
164
221
42923
331
167
190
185
215
43008
334
244
168
166
231
42741
366
172
170
164
207
42906
356
206
168
164
199
42889
359
192
175
165
202
42881
345
181
174
163
203
42920
365
193
177
169
205
42833
339
185
174
166
165
43231
362
190
177
216
174
42608
346
172
215
170
223
42873
352
174
165
164
164
42934
373
201
175
167
199
42874
397
175
170
169
212
42862
365
167
164
164
188
42883
319
171
164
165
246
43047
319
169
167
183
239
43191
334
173
222
181
187
42541
359
263
257
245
168
43407
649
174
218
183
246
41799
384
167
172
346
275
42603
395
189
174
164
214
42951
324
729
179
168
250
42192
331
175
174
166
195
42893
356
168
170
163
190
42928
340
167
172
172
162
42913
354
333
173
164
212
42788
335
179
176
168
163
43008
318
167
165
164
194
42860
308
165
161
161
163
43056
336
167
163
175
161
43036
350
244
175
166
224
42826
379
167
264
181
210
43129
322
187
206
173
163
42638
469
187
172
326
187
42665
365
185
171
166
280
42689
321
166
168
169
177
42899
265
163
160
160
160
43095
310
169
163
161
160
43033
273
167
163
163
159
43050
310
167
201
170
163
42961
295
170
159
162
158
43038
284
167
165
160
160
43201
342
168
163
164
237
42732
321
174
172
170
219
42896
301
175
169
164
167
43144
326
215
326
313
