204831
155960
149390
104031
97328
48004
48002
48002
48001
48000
48000
48000
47999
47999
47998
47998
47998
47998
47997
47997
47997
47989
47989
47988
47988
47988
47988
47987
47987
47987
47985
47985
47985
47984
47984
47983
47983
47983
47983
47982
47981
47981
47981
47981
47980
47980
47980
47980
47980
47979
47979
47979
47979
47979
47978
47978
47978
47978
47977
47977
47977
47976
47976
47975
47975
47975
47975
47975
47974
47974
47974
47973
47973
47972
47972
47972
47972
47972
47971
47971
47971
47971
47971
47970
47970
47970
47970
47969
47969
47969
47969
47968
47968
47968
47968
47968
47967
47967
47967
47967
43986
43985
43985
43984
43984
43983
43983
43983
43982
43981
43981
43980
43980
43980
43980
43979
43979
43979
43979
43978
43978
43978
43978
43977
43977
43977
43977
43977
43976
43976
43976
43975
43975
43975
43975
43975
43974
43974
43974
43973
43973
43973
43973
43973
43972
43972
43972
43972
43971
43971
43971
43971
43970
43970
43970
43970
43970
43969
43969
43969
43969
43968
43968
43968
43968
43968
43967
43967
43967
43967
43966
43966
43966
43966
43966
43965
43965
43965
43965
43964
43964
43964
43964
43964
43963
43963
43963
43963
43962
43962
43962
43962
43961
43961
43960
43956
43955
43954
43953
43953
44015
44014
44014
44014
44013
44013
44013
44012
44012
44006
44006
44006
44005
44005
44005
44005
44004
44004
44004
44004
44003
44003
44003
44002
44002
44002
44002
44001
44001
44000
44000
44000
44000
43999
43999
43999
43999
43998
43998
43998
43998
43998
43997
43997
43997
43997
43997
43996
43996
43996
43996
43995
43995
43995
43995
43994
43994
43994
43994
43993
43993
43993
43993
43992
43992
43992
43992
43991
43991
43991
43991
43991
43990
43989
43988
43988
43988
43988
43987
43987
43987
43987
43986
43986
43986
43986
43986
43985
43985
43985
43985
43985
43984
43984
43984
43984
43983
43983
43983
43983
43957
43956
43955
43955
43954
43954
43953
43953
43953
43952
43952
43952
43951
43951
43951
43951
43950
43950
43950
43950
43949
43949
43949
43948
43948
43948
43948
43948
43947
43947
43947
43946
43946
43946
43946
43945
43945
43945
43945
43944
43944
43944
43944
43943
43943
43943
43943
43942
43942
43942
43941
43941
43941
43941
43940
43940
43940
43939
43939
43939
43939
43939
43938
43938
43937
43937
43937
43937
43937
43936
43936
43936
43935
43935
43935
43935
43935
43934
43934
43934
43934
43933
43933
43933
43933
43930
43929
43929
43928
43928
43927
43927
43926
43926
43926
43925
43925
43925
43925
43924
47959
47958
47958
47957
47956
47956
47955
47955
47955
47954
47954
47954
47954
47953
47953
47953
47953
47952
47952
47952
47951
47951
47951
47950
47950
47950
47950
47949
47949
47949
47949
47948
47948
47948
47947
47947
47947
47947
47947
47946
47945
47945
47945
47945
47945
47944
47944
47943
47943
47943
47942
47942
47942
47942
47942
47940
47940
47940
47940
47939
47939
47939
47939
47938
47938
47937
47937
47937
47937
47936
47936
47935
47935
47935
47934
47934
47934
47934
47933
47933
47932
47932
47932
47932
47931
47931
47931
47930
47930
47929
47929
47929
47929
47929
47928
47928
47928
47928
47927
47927
47961
47961
47960
47960
47959
47958
47958
47958
47958
47957
47957
47957
47957
47956
47956
47956
47955
47955
47955
47955
47955
47954
47954
47954
47954
47953
47953
47953
47953
47952
47952
47952
47951
47951
47951
47951
47951
47950
47950
47949
47949
47949
47949
47948
47948
47948
47948
47947
47947
47946
47946
47946
47946
47945
47945
47944
47944
47944
47944
47943
47943
47943
47943
47942
47941
47941
47941
47941
47941
47940
47940
47939
47939
47939
47939
47938
47938
47938
47937
47936
47936
47935
47935
47935
47935
47934
47934
47933
47933
47933
47932
47932
47932
47932
47931
47930
47930
47930
47930
47929
44008
44008
44007
44007
44006
44006
44006
44005
44005
44005
44004
44004
44004
44003
44003
44003
44002
44002
44002
44002
44001
44001
44001
44000
44000
44000
44000
43999
43999
43999
43998
43998
43998
43998
43998
43997
43997
43997
43996
43996
43996
43995
43995
43995
43995
43994
43994
43993
43993
43993
43993
43993
43992
43992
43992
43991
43991
43991
43990
43990
43990
43990
43990
43989
43988
43988
43988
43988
43987
43987
43987
43986
43986
43985
43985
43985
43984
43984
43984
43983
43983
43983
43983
43982
43982
43982
43982
43981
43981
43980
43980
43979
43979
43979
43979
43978
43978
43977
43977
43977
48889
48888
48888
48887
48887
48886
48886
48885
48885
48885
48884
48884
48884
48884
48883
48883
48883
48883
48882
48882
48882
48882
48881
48881
48881
48880
48880
48880
48880
48880
48879
48879
48879
48879
48878
48878
48878
48878
48878
48877
48877
48877
48876
48876
48876
48876
48875
48875
48874
48874
48874
48874
48874
48873
48873
48872
48872
48872
48872
48872
48872
48871
48871
48870
48870
48869
48869
48869
48869
48868
48868
48866
48866
48865
48865
48865
48865
48864
48864
48863
48863
48863
48862
48862
48862
48862
48861
48860
48860
48860
48860
48860
48859
48859
48859
48858
48858
48858
48857
48857
47095
47094
47093
47093
47092
47092
47092
47091
47091
47090
47090
47090
47090
47090
47089
47089
47089
47088
47088
47088
47088
47087
47087
47087
47087
47086
47086
47086
47085
47085
47085
47085
47084
47084
47084
47083
47083
47083
47083
47082
47082
47081
47081
47081
47081
47081
47080
47079
47079
47079
47079
47078
47078
47078
47078
47077
47076
47076
47076
47076
47076
47075
47075
47074
47074
47074
47074
47073
47073
47073
47073
47072
47072
47071
47071
47071
47071
47070
47070
47069
47069
47069
47069
47068
47068
47068
47068
47066
47066
47066
47066
47065
47065
47065
47065
47064
47063
47063
47063
47063
47995
47995
47994
47993
47993
47992
47992
47991
47991
47991
47991
47990
47990
47989
47989
47989
47988
47988
47988
47988
47987
47987
47987
47987
47986
47986
47986
47986
47985
47985
47985
47985
47984
47984
47984
47984
47984
47983
47983
47982
47982
47982
47981
47981
47981
47981
47981
47979
47979
47979
47978
47978
47978
47978
47977
47976
47976
47976
47975
47975
47975
47974
47974
47972
47972
47972
47971
47971
47971
47971
47970
47969
47969
47969
47969
47968
47968
47968
47967
47967
47966
47966
47966
47966
47966
47965
47965
47964
47964
47963
47963
47963
47963
47963
47962
47962
47961
47961
47961
47961
47993
47992
47992
47991
47991
47990
47990
47990
47989
47989
47989
47989
47988
47988
47988
47987
47987
47987
47986
47986
47986
47986
47985
47985
47985
47985
47984
47984
47984
47984
47983
47983
47983
47983
47983
47982
47982
47982
47982
47981
47981
47980
47980
47980
47980
47979
47979
47978
47978
47977
47977
47977
47977
47977
47976
47975
47975
47975
47975
47974
47974
47974
47974
47973
47972
47972
47972
47971
47971
47971
47971
47970
47970
47969
47969
47969
47969
47968
47968
47967
47967
47966
47966
47966
47966
47966
47965
47964
47964
47964
47964
47963
47963
47963
47963
47962
47961
47961
47961
47961
46014
46014
46013
46013
46012
46011
46011
46011
46010
46010
46010
46010
46009
46009
46009
46009
46008
46008
46007
46007
46007
46007
46006
46006
46006
46006
46005
46005
46005
46005
46004
46004
46004
46003
46003
46003
46003
46003
46002
46002
46002
46001
46001
46001
46001
46000
46000
45999
45999
45999
45999
45998
45998
45998
45997
45996
45995
45995
45995
45994
45994
45994
45993
45992
45992
45992
45992
45992
45991
45991
45991
45990
45990
45990
45989
45989
45989
45988
45988
45987
45986
45986
45986
45986
45986
45985
45985
45984
45983
45983
45983
45983
45982
45982
45982
45981
45981
45980
45980
45980
46033
46032
46032
46031
46031
46030
46030
46030
46029
46029
46029
46028
46028
46028
46027
46027
46027
46026
46026
46026
46025
46025
46025
46024
46024
46024
46024
46023
46023
46023
46023
46022
46022
46022
46022
46021
46021
46021
46021
46020
46020
46019
46019
46019
46019
46019
46018
46018
46017
46017
46017
46017
46017
46016
46016
46015
46015
46015
46015
46015
46014
46014
46014
46013
46013
46013
46013
46012
46012
46012
46012
46011
46010
46010
46010
46010
46010
46009
46009
46008
46008
46008
46007
46007
46007
46007
46006
46005
46005
46005
46005
46005
46004
46004
46004
46003
46003
46003
46002
46002
43982
43981
43980
43980
43979
43979
43978
43977
43977
43977
43976
43976
43976
43975
43975
43975
43974
43974
43974
43973
43973
43972
43972
43971
43971
43971
43970
43970
43970
43969
43969
43968
43968
43968
43968
43967
43967
43967
43966
43965
43965
43964
43964
43964
43963
43963
43962
43961
43960
43960
43959
43959
43959
43958
43958
43957
43956
43956
43956
43955
43955
43954
43954
43953
43953
43953
43952
43952
43952
43951
43951
43950
43950
43949
43949
43949
43949
43948
43948
43947
43946
43946
43945
43945
43945
43945
43944
43943
43943
43942
43942
43942
43942
43941
43941
43940
43940
43939
43939
43939
47989
47988
47988
47987
47987
47986
47985
47984
47984
47984
47983
47983
47983
47982
47982
47982
47981
47981
47980
47980
47980
47979
47979
47978
47978
47977
47977
47977
47976
47976
47976
47975
47975
47974
47974
47974
47973
47973
47973
47972
47971
47971
47970
47970
47970
47969
47969
47968
47967
47967
47967
47966
47966
47966
47965
47964
47964
47963
47963
47963
47963
47962
47962
47960
47960
47960
47959
47959
47959
47958
47958
47957
47956
47956
47956
47956
47955
47955
47955
47953
47953
47953
47952
47952
47952
47951
47951
47950
47950
47949
47949
47948
47948
47948
47947
47946
47946
47945
47945
47945
47954
47954
47953
47952
47952
47951
47951
47950
47950
47950
47950
47949
47949
47949
47948
47948
47948
47947
47947
47947
47946
47946
47946
47946
47945
47945
47945
47944
47944
47944
47944
47943
47943
47943
47942
47942
47942
47941
47941
47940
47940
47939
47939
47939
47938
47938
47938
47937
47936
47936
47936
47935
47935
47935
47935
47934
47933
47933
47933
47933
47932
47932
47932
47931
47931
47931
47930
47930
47930
47930
47929
47929
47928
47928
47928
47927
47927
47927
47927
47926
47926
47925
47925
47925
47925
47924
47924
47923
47923
47922
47922
47922
47922
47922
47921
47921
47920
47920
47920
47919
44058
44058
44057
44056
44056
44055
44055
44054
44054
44054
44054
44053
44053
44053
44053
44052
44052
44052
44051
44051
44051
44051
44050
44050
44050
44049
44049
44049
44049
44048
44048
44048
44048
44047
44047
44047
44047
44047
44046
44045
44045
44045
44045
44044
44044
44044
44044
44042
44042
44042
44042
44042
44041
44041
44041
44040
44040
44040
44040
44039
44039
44039
44039
44038
44038
44037
44037
44037
44037
44037
44036
44035
44035
44035
44035
44034
44034
44034
44034
44033
44033
44032
44032
44032
44031
44031
44031
44030
44030
44029
44029
44029
44029
44028
44028
44027
44027
44027
44026
44026
49173
49172
49172
49171
49171
49170
49170
49169
49169
49169
49169
49168
49168
49168
49168
49167
49167
49167
49166
49166
49166
49165
49165
49165
49165
49164
49164
49164
49164
49163
49163
49162
49162
49161
49161
49161
49161
49160
49160
49159
49159
49158
49158
49158
49158
49157
49157
49156
49156
49156
49155
49155
49155
49155
49154
49153
49153
49153
49153
49153
49152
49152
49152
49151
49151
49151
49151
49151
49150
49150
49150
49149
49148
49148
49148
49148
49148
49147
49147
49146
49146
49146
49145
49145
49145
49145
49144
49144
49143
49143
49143
49143
49143
49142
49142
49142
49141
49141
49141
49141
46758
46757
46757
46756
46755
46755
46754
46754
46753
46753
46753
46752
46752
46752
46752
46751
46751
46751
46751
46750
46750
46750
46750
46749
46749
46749
46749
46749
46748
46748
46748
46748
46747
46747
46747
46747
46747
46746
46746
46745
46745
46745
46745
46745
46744
46744
46744
46743
46742
46742
46742
46741
46741
46741
46741
46740
46739
46739
46739
46739
46738
46738
46738
46737
46737
46737
46737
46736
46736
46736
46736
46734
46734
46734
46734
46734
46733
46733
46733
46732
46732
46732
46731
46731
46731
46731
46730
46729
46729
46729
46729
46729
46728
46728
46728
46727
46727
46727
46727
46726
46670
46670
46669
46669
46668
46668
46668
46667
46667
46667
46666
46666
46666
46666
46665
46665
46665
46664
46664
46664
46663
46663
46662
46662
46661
46661
46661
46660
46660
46660
46659
46659
46659
46658
46658
46658
46658
46658
46657
46657
46656
46656
46656
46655
46655
46655
46655
46654
46654
46654
46653
46653
46653
46652
46652
46651
46651
46650
46650
46650
46650
46649
46649
46648
46648
46647
46647
46647
46646
46646
46646
46645
46645
46644
46644
46644
46644
46644
46643
46642
46642
46641
46641
46641
46641
46641
46640
46639
46639
46639
46638
46638
46638
46638
46637
46636
46636
46636
46635
46635
