98632
43988
43998
49846
49797
53141
170
94
1470
1194
126
52095
195
92
89
54
105
47524
179
2096
115
96
77
45483
3896
105
108
74
162
43604
81
146
94
64
157
47432
146
99
109
61
79
43511
134
1900
103
83
1719
44082
119
89
112
93
75
44723
116
718
69
57
106
41654
1385
437
71
61
66
46009
159
93
117
90
3455
48049
3997
150
41
34
79
47764
76
1441
42
33
81
42239
74
87
55
30
84
43719
96
130
50
45
240
43396
75
138
58
42
2806
44887
109
3519
77
55
43
44393
173
173
352
81
40
42966
93
30
3880
1152
44
45206
158
48
87
5243
50
47994
149
64
66
63
33
43649
80
88
81
53
31
43884
74
3661
64
3927
46
44716
212
113
76
80
33
46782
145
3792
3851
149
111
43866
118
77
39
3756
68
43948
115
93
35
170
93
47498
148
82
34
58
49
47618
2713
311
190
102
65
40604
556
314
36
89
385
42683
1307
750
77
556
88
43870
187
76
35
72
86
41047
126
193
121
1115
2691
47536
845
160
39
132
147
50665
2112
123
79
192
96
41414
127
88
43
120
98
43556
134
91
51
88
114
47429
104
72
36
125
60
47612
123
85
69
185
234
43206
123
97
38
85
75
43589
109
79
34
98
84
43577
114
76
35
102
92
43572
110
82
36
102
90
43602
2391
252
42
131
97
41090
126
104
68
112
91
43309
114
80
38
83
71
43592
115
77
33
101
86
43584
129
909
88
114
66
42704
125
41
83
66
49
47619
314
48
74
107
81
43381
123
42
82
68
302
43383
128
44
113
82
127
43585
133
42
86
101
77
47460
162
61
87
67
49
43581
118
39
56
86
62
43634
131
38
95
71
53
43601
127
42
77
92
56
43608
125
38
74
65
49
43671
123
38
57
103
89
43572
130
44
1014
146
116
42518
135
39
93
99
92
43543
2608
44
86
98
63
41060
135
44
62
109
73
43587
124
38
104
64
49
47632
186
94
73
118
55
47458
133
41
62
99
74
43586
126
39
81
67
51
43620
150
49
95
95
110
43522
135
41
88
68
51
47607
130
38
85
67
50
43609
4003
52
106
85
55
43770
207
64
235
68
119
43244
150
43
99
57
47
47572
123
42
60
91
90
47586
126
37
74
57
39
47665
143
37
69
72
72
47596
143
50
62
52
38
47756
162
55
79
114
90
47387
137
49
56
52
38
43671
127
37
94
70
62
43597
115
41
81
54
39
43684
141
37
102
85
104
43541
83
90
98
35
31
43620
119
94
37
30
28
43755
111
199
97
126
51
47375
106
127
53
46
41
47666
101
112
49
40
39
43606
106
118
53
53
49
43616
113
132
59
44
50
47578
91
91
34
27
29
47702
76
104
34
32
28
43741
81
80
51
30
27
43737
77
90
34
32
30
43731
81
106
34
27
27
43719
77
95
34
31
29
43920
83
121
87
30
27
43466
82
97
35
32
32
43711
81
95
34
31
28
43710
80
114
33
31
47
43687
105
246
40
28
59
43579
116
128
58
43
109
43464
81
83
32
131
30
43712
83
97
37
27
28
43765
83
87
32
27
28
43652
79
96
34
32
31
43728
84
95
40
29
27
43694
80
32
30
32
30
44028
465
38
29
27
26
43194
79
30
31
32
29
43800
112
53
45
39
39
47664
225
38
30
51
30
43630
76
27
27
25
26
43843
164
43
37
39
37
43748
79
30
155
38
68
43647
382
84
33
27
27
43464
78
31
29
27
27
46993
218
59
45
48
50
40258
101
42
40
40
37
51138
4543
71
39
76
33
43780
74
30
29
27
28
51403
4409
82
46
37
37
43834
109
41
38
37
37
51131
4561
83
40
38
36
43819
99
41
39
37
37
51207
4535
89
41
39
39
43792
98
42
41
37
38
51144
4575
143
46
42
38
43975
80
31
30
28
126
50930
4517
74
38
36
36
47808
107
49
44
42
43
47686
75
30
28
28
28
43811
74
30
29
28
28
55331
4481
70
38
37
36
43824
105
46
45
43
39
51173
4516
77
32
31
28
47841
91
38
41
41
39
47162
4595
140
40
34
37
43748
205
42
35
28
28
51610
4002
74
40
37
38
43825
96
43
39
41
40
51171
4558
74
42
49
44
44294
3499
62
40
42
42
51788
3989
70
45
42
41
43847
104
49
44
44
41
47131
4543
75
44
42
39
43797
96
43
38
36
35
55766
3951
62
29
28
27
43854
75
31
28
27
28
51798
4003
56
31
28
27
43851
74
32
29
31
28
51800
3991
154
35
29
29
47746
74
31
28
27
28
43811
76
31
29
27
37
47805
79
33
30
27
28
51244
4528
59
31
30
29
51866
79
31
28
27
28
43794
73
29
27
28
28
47897
82
31
29
29
28
51163
4545
60
32
28
29
47860
78
31
29
28
26
47788
75
30
30
28
37
47855
74
30
29
28
28
51236
4539
62
31
29
29
47837
93
40
39
36
38
51736
3983
79
49
45
45
43812
4057
66
40
37
